0 0.4171875 0.77421875 0.0546875 0.0625
0 0.71875 0.71640625 0.053125 0.0671875
0 0.58125 0.76953125 0.03125 0.05
0 0.10625 0.90546875 0.053125 0.06875
0 0.38671875 0.86015625 0.05625 0.0703125
0 0.20390625 0.06796875 0.025 0.0234375
0 0.509375 0.88125 0.0640625 0.0734375
0 0.13203125 0.08828125 0.0203125 0.0265625
0 0.3 0.96953125 0.065625 0.0609375
0 0.67421875 0.91484375 0.0609375 0.075
0 0.8515625 0.88046875 0.0625 0.078125
0 0.3109375 0.05703125 0.028125 0.034375
0 0.42890625 0.02734375 0.0328125 0.0375
0 0.10546875 0.109375 0.03125 0.040625
0 0.46015625 0.034375 0.025 0.0296875
0 0.5765625 0.0125 0.028125 0.025
0 0.17578125 0.12890625 0.0265625 0.0328125
0 0.3640625 0.08125 0.0296875 0.0375
0 0.1078125 0.14765625 0.028125 0.034375
0 0.61953125 0.02578125 0.025 0.0375
0 0.215625 0.1546875 0.0234375 0.0265625
0 0.01875 0.20078125 0.0265625 0.034375
0 0.2421875 0.1671875 0.0328125 0.040625
0 0.8234375 0.0375 0.0265625 0.034375
0 0.15625 0.20625 0.0296875 0.0375
0 0.5703125 0.1109375 0.0234375 0.0296875
0 0.49140625 0.1234375 0.025 0.0359375
0 0.009375 0.26875 0.01875 0.03125
0 0.38203125 0.18828125 0.03125 0.0390625
0 0.09453125 0.26171875 0.034375 0.04375
0 0.66484375 0.11875 0.025 0.034375
0 0.5578125 0.1484375 0.0359375 0.0453125
0 0.7015625 0.1265625 0.03125 0.0359375
0 0.6125 0.16953125 0.028125 0.0390625
0 0.0234375 0.32890625 0.0328125 0.04375
0 0.79296875 0.14921875 0.0359375 0.040625
0 0.6578125 0.18125 0.0359375 0.04375
0 0.2609375 0.290625 0.0265625 0.0328125
0 0.3390625 0.26953125 0.03125 0.0390625
0 0.546875 0.2109375 0.0390625 0.0515625
0 0.065625 0.3484375 0.0328125 0.0421875
0 0.01328125 0.37734375 0.0265625 0.0484375
0 0.45859375 0.26796875 0.040625 0.0515625
0 0.3578125 0.31953125 0.03125 0.040625
0 0.440625 0.31953125 0.0390625 0.0484375
0 0.82109375 0.23046875 0.0421875 0.0515625
0 0.59375 0.2875 0.0296875 0.0375
0 0.50625 0.30703125 0.0390625 0.040625
0 0.01796875 0.43828125 0.0359375 0.0453125
0 0.38671875 0.34609375 0.04375 0.0578125
0 0.78203125 0.24765625 0.0375 0.046875
0 0.246875 0.39140625 0.03125 0.0453125
0 0.31875 0.38515625 0.040625 0.046875
0 0.68984375 0.29921875 0.040625 0.0546875
0 0.184375 0.42734375 0.0328125 0.0484375
0 0.23125 0.44296875 0.0421875 0.0515625
0 0.5140625 0.37578125 0.0359375 0.053125
0 0.2140625 0.4875 0.04375 0.05
0 0.67421875 0.3640625 0.0375 0.0390625
0 0.9109375 0.31484375 0.0328125 0.0453125
0 0.59765625 0.3890625 0.0421875 0.053125
0 0.4515625 0.421875 0.0328125 0.04375
0 0.8515625 0.34453125 0.0390625 0.0453125
0 0.965625 0.31796875 0.01875 0.0453125
0 0.36171875 0.51640625 0.0484375 0.0546875
0 0.225 0.57109375 0.0359375 0.0453125
0 0.5203125 0.50859375 0.04375 0.05
0 0.26015625 0.578125 0.0515625 0.0625
0 0.70234375 0.47734375 0.046875 0.0640625
0 0.8984375 0.4421875 0.04375 0.05625
0 0.5109375 0.5578125 0.046875 0.05625
0 0.74296875 0.52421875 0.0515625 0.0671875
0 0.62578125 0.5671875 0.0421875 0.059375
0 0.8578125 0.5234375 0.0421875 0.0515625
0 0.6421875 0.64765625 0.0375 0.059375
0 0.97109375 0.5734375 0.05 0.0515625
0 0.615625 0.6671875 0.053125 0.0671875