0 0.60234375 0.75703125 0.0390625 0.05
0 0.3234375 0.76796875 0.0375 0.0546875
0 0.9421875 0.78515625 0.0328125 0.0515625
0 0.45703125 0.78671875 0.01875 0.04375
0 0.90625 0.81015625 0.0390625 0.05625
0 0.646875 0.8265625 0.0390625 0.05625
0 0.646875 0.0828125 0.0203125 0.0296875
0 0.54296875 0.87109375 0.046875 0.059375
0 0.3234375 0.084375 0.015625 0.028125
0 0.715625 0.0890625 0.0140625 0.028125
0 0.853125 0.0921875 0.0171875 0.025
0 0.7484375 0.915625 0.046875 0.0640625
0 0.403125 0.934375 0.04375 0.059375
0 0.2390625 0.9390625 0.04375 0.0625
0 0.90546875 0.97734375 0.0515625 0.0453125
0 0.55 0.10078125 0.0203125 0.028125
0 0.43984375 0.09921875 0.0234375 0.0296875
0 0.74296875 0.10546875 0.0203125 0.0328125
0 0.41328125 0.1109375 0.01875 0.0234375
0 0.30390625 0.11328125 0.0203125 0.0265625
0 0.684375 0.13671875 0.01875 0.0265625
0 0.5078125 0.1328125 0.0203125 0.03125
0 0.7484375 0.1390625 0.0203125 0.028125
0 0.2703125 0.1359375 0.0171875 0.03125
0 0.65390625 0.16796875 0.0171875 0.021875
0 0.83828125 0.16875 0.01875 0.028125
0 0.8828125 0.1671875 0.01875 0.03125
0 0.46328125 0.0109375 0.0140625 0.021875
0 0.96953125 0.1828125 0.01875 0.034375
0 0.63359375 0.184375 0.0234375 0.0328125
0 0.36875 0.01171875 0.01875 0.0234375
0 0.09140625 0.1890625 0.0171875 0.028125
0 0.71875 0.2015625 0.0203125 0.03125
0 0.33125 0.2015625 0.0171875 0.025
0 0.40390625 0.196875 0.0171875 0.0296875
0 0.865625 0.225 0.021875 0.025
0 0.5140625 0.23125 0.021875 0.03125
0 0.784375 0.23671875 0.025 0.0359375
0 0.2484375 0.22734375 0.0171875 0.028125
0 0.35 0.2328125 0.025 0.0375
0 0.21796875 0.24296875 0.0234375 0.028125
0 0.975 0.0328125 0.0171875 0.0234375
0 0.30546875 0.2625 0.01875 0.03125
0 0.9171875 0.27578125 0.01875 0.028125
0 0.8609375 0.2828125 0.021875 0.0359375
0 0.1421875 0.28125 0.0265625 0.03125
0 0.26796875 0.28203125 0.025 0.0359375
0 0.64296875 0.29765625 0.01875 0.0265625
0 0.56953125 0.2953125 0.021875 0.0328125
0 0.37265625 0.2859375 0.0265625 0.0421875
0 0.8265625 0.3078125 0.021875 0.034375
0 0.884375 0.32265625 0.028125 0.0390625
0 0.93125 0.32265625 0.028125 0.0421875
0 0.4625 0.31796875 0.028125 0.0421875
0 0.5625 0.3421875 0.021875 0.034375
0 0.4890625 0.36015625 0.0265625 0.0390625
0 0.13359375 0.35859375 0.0296875 0.0421875
0 0.34609375 0.36328125 0.021875 0.03125
0 0.42734375 0.36171875 0.0296875 0.03125
0 0.88984375 0.37890625 0.028125 0.0375
0 0.5421875 0.37265625 0.0296875 0.046875
0 0.171875 0.36640625 0.025 0.0390625
0 0.67578125 0.38359375 0.0203125 0.0375
0 0.61015625 0.39296875 0.0296875 0.0359375
0 0.8828125 0.04140625 0.0171875 0.0296875
0 0.26328125 0.39296875 0.028125 0.0453125
0 0.73828125 0.40234375 0.021875 0.040625
0 0.7 0.42578125 0.0296875 0.040625
0 0.43515625 0.425 0.0234375 0.0453125
0 0.72421875 0.46171875 0.03125 0.0390625
0 0.29140625 0.446875 0.028125 0.03125
0 0.0703125 0.45078125 0.021875 0.0375
0 0.36328125 0.45390625 0.0296875 0.0421875
0 0.5 0.45234375 0.021875 0.0359375
0 0.1296875 0.46640625 0.028125 0.034375
0 0.0140625 0.465625 0.0265625 0.0421875
0 0.9953125 0.49296875 0.009375 0.0484375
0 0.428125 0.04921875 0.01875 0.025
0 0.6 0.5171875 0.034375 0.04375
0 0.73203125 0.53828125 0.025 0.0375
0 0.36171875 0.0484375 0.01875 0.03125
0 0.94921875 0.53828125 0.03125 0.0453125
0 0.45703125 0.54296875 0.03125 0.0390625
0 0.7015625 0.55234375 0.0375 0.05
0 0.28984375 0.55234375 0.0328125 0.053125
0 0.5828125 0.05546875 0.0171875 0.0296875
0 0.10859375 0.56171875 0.0296875 0.0453125
0 0.475 0.584375 0.0328125 0.0453125
0 0.94609375 0.609375 0.0359375 0.05
0 0.26328125 0.60234375 0.0375 0.0546875
0 0.375 0.61640625 0.028125 0.05
0 0.16015625 0.625 0.028125 0.0421875
0 0.40078125 0.06015625 0.01875 0.03125
0 0.48515625 0.06171875 0.0171875 0.0203125
0 0.68125 0.06640625 0.01875 0.025
0 0.90859375 0.07265625 0.01875 0.0296875
0 0.8328125 0.07265625 0.0203125 0.0328125
0 0.37734375 0.690625 0.0234375 0.0515625
0 0.07109375 0.6921875 0.0375 0.040625
0 0.4046875 0.70390625 0.0375 0.053125