0 0.37421875 0.86328125 0.0515625 0.0609375
0 0.6890625 0.83671875 0.05 0.065625
0 0.54296875 0.8765625 0.0265625 0.0515625
0 0.33515625 0.94765625 0.0515625 0.06875
0 0.23203125 0.1125 0.0265625 0.0359375
0 0.4578125 0.97265625 0.059375 0.0546875
0 0.5953125 0.0703125 0.0203125 0.0328125
0 0.15703125 0.12890625 0.01875 0.034375
0 0.00703125 0.15 0.0140625 0.03125
0 0.34296875 0.11953125 0.0265625 0.034375
0 0.4671875 0.1015625 0.0296875 0.0375
0 0.128125 0.1515625 0.028125 0.0390625
0 0.4984375 0.1125 0.0234375 0.0296875
0 0.6203125 0.1 0.0265625 0.0328125
0 0.19765625 0.178125 0.025 0.0328125
0 0.39453125 0.14921875 0.0265625 0.0375
0 0.12578125 0.190625 0.0265625 0.034375
0 0.6609375 0.12109375 0.021875 0.0359375
0 0.2359375 0.20859375 0.0234375 0.0265625
0 0.0296875 0.234375 0.0234375 0.034375
0 0.42890625 0.0125 0.015625 0.015625
0 0.26171875 0.225 0.03125 0.0390625
0 0.53359375 0.00546875 0.0234375 0.0109375
0 0.86875 0.1546875 0.0234375 0.034375
0 0.16875 0.25546875 0.0265625 0.0375
0 0.60234375 0.203125 0.021875 0.0296875
0 0.5203125 0.20703125 0.0234375 0.034375
0 0.01015625 0.30234375 0.0203125 0.0296875
0 0.4015625 0.26171875 0.0296875 0.0390625
0 0.1 0.3046875 0.0328125 0.04375
0 0.6984375 0.2203125 0.0234375 0.034375
0 0.5859375 0.2390625 0.0328125 0.0453125
0 0.734375 0.23359375 0.0296875 0.0359375
0 0.6390625 0.26640625 0.025 0.0390625
0 0.0203125 0.36640625 0.0296875 0.04375
0 0.825 0.265625 0.034375 0.0390625
0 0.684375 0.28359375 0.0328125 0.04375
0 0.2671875 0.353125 0.025 0.0328125
0 0.34921875 0.33984375 0.0296875 0.0390625
0 0.56796875 0.30234375 0.0359375 0.05
0 0.06171875 0.390625 0.0296875 0.040625
0 0.00859375 0.4125 0.0171875 0.046875
0 0.47109375 0.35078125 0.0375 0.0515625
0 0.36328125 0.39296875 0.028125 0.040625
0 0.446875 0.4015625 0.0359375 0.046875
0 0.8453125 0.3515625 0.0390625 0.0515625
0 0.6078125 0.38515625 0.028125 0.0375
0 0.51640625 0.3953125 0.0375 0.0390625
0 0.01015625 0.4765625 0.0203125 0.04375
0 0.38984375 0.4234375 0.040625 0.0578125
0 0.803125 0.36484375 0.034375 0.046875
0 0.2421875 0.45390625 0.028125 0.0453125
0 0.31640625 0.45546875 0.0375 0.0453125
0 0.70390625 0.4078125 0.0375 0.0546875
0 0.17421875 0.484375 0.0296875 0.0484375
0 0.2203125 0.50546875 0.0390625 0.05
0 0.51640625 0.4671875 0.0328125 0.053125
0 0.1984375 0.5484375 0.040625 0.0484375
0 0.68046875 0.471875 0.034375 0.0375
0 0.928125 0.446875 0.0296875 0.0453125
0 0.6 0.48984375 0.0390625 0.0515625
0 0.4484375 0.50703125 0.0296875 0.0421875
0 0.86484375 0.471875 0.0375 0.04375
0 0.98828125 0.45546875 0.0234375 0.0484375
0 0.4734375 0.0453125 0.0234375 0.03125
0 0.3453125 0.59375 0.0453125 0.053125
0 0.2 0.63515625 0.0328125 0.0453125
0 0.546875 0.034375 0.025 0.0375
0 0.50859375 0.603125 0.040625 0.0484375
0 0.2359375 0.64609375 0.0484375 0.0609375
0 0.69765625 0.590625 0.04375 0.0640625
0 0.30078125 0.0734375 0.0234375 0.0359375
0 0.9015625 0.57578125 0.040625 0.0546875
0 0.49453125 0.65234375 0.04375 0.0546875
0 0.73359375 0.6421875 0.0484375 0.065625
0 0.609375 0.67421875 0.0390625 0.059375
0 0.8515625 0.65390625 0.0375 0.0515625
0 0.50546875 0.05390625 0.025 0.0375
0 0.4109375 0.0671875 0.0203125 0.025
0 0.1921875 0.09921875 0.0234375 0.03125
0 0.02421875 0.12734375 0.0265625 0.0390625
0 0.61796875 0.7578125 0.0328125 0.059375
0 0.96171875 0.71796875 0.0484375 0.05
0 0.5890625 0.77578125 0.0484375 0.065625