0 0.67734375 0.19140625 0.065625 0.090625
0 0.246875 0.2546875 0.0828125 0.1125
0 0.43203125 0.2578125 0.059375 0.090625
0 0.7421875 0.27265625 0.046875 0.09375
0 0.0703125 0.29765625 0.090625 0.1078125
0 0.51171875 0.3421875 0.103125 0.134375
0 0.6953125 0.03828125 0.053125 0.075
0 0.31953125 0.40625 0.1171875 0.190625
0 0.7828125 0.46171875 0.103125 0.159375
0 0.9375 0.475 0.11875 0.159375
0 0.175 0.4796875 0.103125 0.16875
0 0.35 0.64921875 0.115625 0.178125
0 0.64375 0.6296875 0.1375 0.19375
0 0.85859375 0.06953125 0.053125 0.1125
0 0.01953125 0.0828125 0.0390625 0.0875
0 0.23984375 0.77734375 0.109375 0.1984375
0 0.7984375 0.85859375 0.1625 0.246875
0 0.265625 0.10078125 0.084375 0.090625
0 0.37109375 0.1015625 0.0828125 0.1296875
0 0.7765625 0.10234375 0.078125 0.1359375
0 0.91875 0.12265625 0.071875 0.1125
0 0.13125 0.12734375 0.05 0.11875
0 0.565625 0.1390625 0.059375 0.103125