0 0.28203125 0.21484375 0.0765625 0.0984375
0 0.71484375 0.21796875 0.0984375 0.1234375
0 0.5328125 0.246875 0.0703125 0.0984375
0 0.2296875 0.30390625 0.059375 0.1
0 0.8953125 0.23515625 0.1046875 0.11875
0 0.465625 0.340625 0.1203125 0.1484375
0 0.24296875 0.06640625 0.0625 0.0765625
0 0.66328125 0.37734375 0.1421875 0.203125
0 0.215625 0.49609375 0.1234375 0.171875
0 0.0671875 0.53125 0.134375 0.175
0 0.81640625 0.4296875 0.1234375 0.18125
0 0.66796875 0.621875 0.1390625 0.190625
0 0.37578125 0.64296875 0.1609375 0.209375
0 0.0859375 0.1203125 0.06875 0.11875
0 0.91484375 0.03046875 0.0546875 0.0609375
0 0.79375 0.7328125 0.1359375 0.2109375
0 0.25390625 0.878125 0.1953125 0.24375
0 0.675 0.06796875 0.09375 0.1
0 0.57109375 0.08359375 0.1 0.140625
0 0.171875 0.140625 0.096875 0.1453125
0 0.03828125 0.18046875 0.0765625 0.1203125
0 0.8109375 0.07578125 0.065625 0.1234375
0 0.38515625 0.146875 0.0734375 0.1109375