0 0.31796875 0.18828125 0.0671875 0.0921875
0 0.75390625 0.2609375 0.0859375 0.115625
0 0.56640625 0.26015625 0.0625 0.09375
0 0.25078125 0.26953125 0.05 0.096875
0 0.9328125 0.30703125 0.0953125 0.1109375
0 0.48359375 0.34453125 0.1078125 0.140625
0 0.3015625 0.034375 0.05625 0.06875
0 0.67734375 0.41328125 0.121875 0.1953125
0 0.20625 0.4609375 0.1078125 0.1640625
0 0.0546875 0.471875 0.109375 0.165625
0 0.82265625 0.48984375 0.10625 0.175
0 0.6421875 0.66015625 0.121875 0.1828125
0 0.34453125 0.63515625 0.1421875 0.2
0 0.1359375 0.0609375 0.05625 0.115625
0 0.98359375 0.0890625 0.0328125 0.090625
0 0.75234375 0.79296875 0.115625 0.203125
0 0.1828125 0.86484375 0.1703125 0.2546875
0 0.73828125 0.10234375 0.0859375 0.0921875
0 0.63046875 0.10234375 0.0859375 0.1328125
0 0.21875 0.09609375 0.0828125 0.1390625
0 0.0734375 0.11328125 0.0734375 0.115625
0 0.87421875 0.1328125 0.053125 0.121875
0 0.4328125 0.1359375 0.0625 0.1078125