0 0.3453125 0.22734375 0.065625 0.1390625
0 0.459375 0.23125 0.059375 0.103125
0 0.58203125 0.3015625 0.065625 0.13125
0 0.21796875 0.03125 0.0296875 0.0609375
0 0.428125 0.40625 0.06875 0.153125
0 0.259375 0.03515625 0.03125 0.053125
0 0.15703125 0.02890625 0.0359375 0.0578125
0 0.65703125 0.5015625 0.059375 0.1515625
0 0.8359375 0.61015625 0.075 0.171875
0 0.44609375 0.06875 0.0359375 0.06875
0 0.34453125 0.103125 0.0375 0.06875
0 0.25390625 0.11953125 0.03125 0.0625
0 0.77109375 0.140625 0.04375 0.0875
0 0.190625 0.1359375 0.0375 0.0828125