0 0.2796875 0.30625 0.025 0.046875
0 0.015625 0.3046875 0.0140625 0.0359375
0 0.3421875 0.3296875 0.015625 0.028125
0 0.125 0.33203125 0.0203125 0.040625
0 0.46875 0.35625 0.0140625 0.025
0 0.32109375 0.359375 0.0234375 0.040625
0 0.6703125 0.38828125 0.034375 0.0546875
0 0.2078125 0.40546875 0.078125 0.1171875
0 0.41484375 0.40703125 0.065625 0.14375
0 0.0375 0.3953125 0.040625 0.075
0 0.34140625 0.440625 0.0515625 0.075
0 0.61328125 0.4515625 0.04375 0.08125
0 0.7171875 0.484375 0.0390625 0.0984375
0 0.08203125 0.5046875 0.0578125 0.0828125
0 0.878125 0.63125 0.1984375 0.371875
0 0.4765625 0.60390625 0.09375 0.1640625