0 0.75859375 0.35625 0.025 0.046875
0 0.6953125 0.3703125 0.015625 0.028125
0 0.90390625 0.40234375 0.021875 0.0390625
0 0.57109375 0.37890625 0.0140625 0.025
0 0.71171875 0.4015625 0.0234375 0.040625
0 0.37265625 0.3828125 0.034375 0.0546875
0 0.81484375 0.46171875 0.0796875 0.115625
0 0.615625 0.43515625 0.06875 0.140625
0 0.97890625 0.4734375 0.0421875 0.0734375
0 0.68125 0.47734375 0.0515625 0.0734375
0 0.41875 0.45078125 0.0453125 0.0796875
0 0.31484375 0.4671875 0.040625 0.096875
0 0.921875 0.57265625 0.059375 0.08125
0 0.140625 0.58671875 0.2046875 0.3640625
0 0.52890625 0.61484375 0.0953125 0.1625