0 0.734375 0.30703125 0.025 0.046875
0 0.6734375 0.33203125 0.015625 0.028125
0 0.88671875 0.3265625 0.021875 0.0390625
0 0.55078125 0.3625 0.0140625 0.025
0 0.69453125 0.36015625 0.0234375 0.040625
0 0.35390625 0.40078125 0.034375 0.0546875
0 0.8078125 0.4015625 0.08125 0.1171875
0 0.60390625 0.41015625 0.06875 0.1421875
0 0.9734375 0.384375 0.0421875 0.075
0 0.678125 0.440625 0.053125 0.075
0 0.41171875 0.46015625 0.0453125 0.08125
0 0.3109375 0.4953125 0.040625 0.096875
0 0.93359375 0.49453125 0.059375 0.0828125
0 0.159375 0.6453125 0.20625 0.36875
0 0.55078125 0.6046875 0.096875 0.1640625