0 0.03828125 0.271875 0.0625 0.1125
0 0.690625 0.22265625 0.1109375 0.1859375
0 0.8234375 0.22265625 0.1015625 0.175
0 0.3984375 0.3109375 0.10625 0.1921875
0 0.01484375 0.44140625 0.0296875 0.1484375
0 0.77890625 0.3640625 0.1046875 0.146875
0 0.1 0.50390625 0.0734375 0.1125
0 0.35234375 0.50625 0.109375 0.159375
0 0.55625 0.55546875 0.1578125 0.25625
0 0.65859375 0.51171875 0.121875 0.2171875
0 0.809375 0.53671875 0.1109375 0.1875
0 0.13046875 0.709375 0.1484375 0.28125
0 0.41171875 0.684375 0.1484375 0.2296875
0 0.21796875 0.1953125 0.0875 0.146875
0 0.45703125 0.27265625 0.0796875 0.140625