0 0.09609375 0.175 0.046875 0.1078125
0 0.74609375 0.27421875 0.0859375 0.1765625
0 0.87734375 0.3046875 0.078125 0.1671875
0 0.440625 0.2953125 0.0796875 0.184375
0 0.02109375 0.3328125 0.0359375 0.1453125
0 0.8015625 0.4328125 0.0859375 0.1375
0 0.103125 0.41640625 0.059375 0.10625
0 0.35078125 0.47578125 0.0890625 0.15
0 0.53984375 0.5703125 0.1234375 0.24375
0 0.65 0.55 0.0921875 0.209375
0 0.7921875 0.609375 0.0859375 0.1796875
0 0.0875 0.625 0.109375 0.271875
0 0.36953125 0.6640625 0.11875 0.2171875
0 0.2890625 0.13984375 0.0671875 0.140625
0 0.50703125 0.2703125 0.0609375 0.1359375