0 0.97890625 0.2640625 0.0421875 0.121875
0 0.26875 0.23515625 0.115625 0.203125
0 0.121875 0.240625 0.10625 0.190625
0 0.59453125 0.321875 0.1109375 0.209375
0 0.17578125 0.39375 0.1125 0.159375
0 0.93203125 0.5234375 0.078125 0.121875
0 0.653125 0.53515625 0.115625 0.175
0 0.43046875 0.596875 0.165625 0.2796875
0 0.315625 0.55234375 0.128125 0.2390625
0 0.1484375 0.58671875 0.1171875 0.2046875
0 0.90625 0.75 0.1546875 0.3078125
0 0.59453125 0.734375 0.1578125 0.25
0 0.78984375 0.18671875 0.0921875 0.1609375
0 0.528125 0.28125 0.084375 0.1546875