0 0.37578125 0.17890625 0.0453125 0.0625
0 0.0484375 0.234375 0.0578125 0.0671875
0 0.20625 0.2453125 0.071875 0.1109375
0 0.42421875 0.23671875 0.0359375 0.065625
0 0.5140625 0.24375 0.0625 0.084375
0 0.4640625 0.2453125 0.046875 0.0765625
0 0.6859375 0.2375 0.0484375 0.1015625
0 0.771875 0.228125 0.0671875 0.084375
0 0.93828125 0.234375 0.0765625 0.1046875
0 0.08828125 0.409375 0.0953125 0.1125
0 0.3359375 0.390625 0.0921875 0.1328125
0 0.21171875 0.40703125 0.0875 0.1578125
0 0.0265625 0.51015625 0.053125 0.1234375