0 0.56953125 0.1421875 0.0453125 0.059375
0 0.86640625 0.2140625 0.05625 0.0640625
0 0.72109375 0.21328125 0.0734375 0.1046875
0 0.52109375 0.1921875 0.0359375 0.0609375
0 0.4390625 0.19296875 0.0625 0.08125
0 0.484375 0.19765625 0.0484375 0.071875
0 0.28125 0.175 0.0515625 0.0953125
0 0.203125 0.1609375 0.065625 0.0796875
0 0.06875 0.16015625 0.040625 0.0921875
0 0.81875 0.371875 0.09375 0.109375
0 0.59296875 0.3390625 0.0921875 0.125
0 0.70625 0.36171875 0.0890625 0.146875
0 0.93515625 0.5 0.1296875 0.18125
0 0.86953125 0.46953125 0.059375 0.1140625