0 0.4640625 0.12421875 0.046875 0.0609375
0 0.76484375 0.06328125 0.0578125 0.065625
0 0.63203125 0.125 0.0765625 0.1078125
0 0.440625 0.190625 0.0390625 0.0625
0 0.36640625 0.22578125 0.065625 0.0828125
0 0.409375 0.2109375 0.0515625 0.0734375
0 0.21484375 0.2765625 0.0546875 0.096875
0 0.13828125 0.29765625 0.06875 0.0828125
0 0.01875 0.359375 0.0375 0.103125
0 0.78828125 0.22734375 0.096875 0.1125
0 0.56796875 0.29375 0.096875 0.128125
0 0.68125 0.26640625 0.0953125 0.15
0 0.93125 0.29765625 0.103125 0.175
0 0.8765625 0.29453125 0.065625 0.115625